00000001000000000000010001000010000000000000
10000000000000000000000000000000000000000000
11111001111101000011110111111111000000000001
00000000000000000000000101000000000000000000
00000000000000000000000000000000000000000000
11000001000100000001110110001011000000000000
11001011000100000000010110001000000000000000
10000000000000000000000110000000000000000000
11111111111101000011111111111111000000000001
11101001000000000000110111100000000000000000
11011011000100000011110111101011000000000001
10001011000100000011110111100010000000000000
10001011000100000001010111100011000000000000
10001011000000000001100101000000000000000000
10000011000100000000000111010010000000000001
00000000000000000000000000000000000000000000
11110011100100000011110100001000000000000001
00000000000000000000000000000000000000000000
10000000000000000000000000000000000000000000
00000000000000000000000000000000000000000000
10001011000000000000110101001000000000000000
11101011000100000001110110000001000000000001
11001001000000000000010100000000000000000000
11001101000000000001110111000010000000000000
00000000000000000000000000000000000000000000
11001011000100000000010111010001000000000001
11001001000000000011110110000011000000000000
11001001000100000001110111100011000000000000
11011011000100000001110111101001000000000001
10001011000100000000110111000000000000000001
11000011000000000001110000000000000000000000
10000001000000000001110110000010000000000000
11001001000000000001110110000011000000000000
11001000000100000001110111000010000000000000
11001011000000000001110111100010000000000000
11111001101100000001011101111001000000000000
00000000000000000000000000000000000000000000
10000000000000000000000000000000000000000000
10001000000000000011110111101000000000000001
11001011000100000001110011001000000000000000
10000001000000000011110110001010000000000000
11101001000100000001110100010011000000000000
11111111111101000011110111111111000000000001
10001001000000000001110010010011000000000000
01000001000000000011100000000000000000000000
11011010000100000001110110001000000000000001
11001001000000000001110110001001000000000000
11000110000000000001110111101000000000000000
00000000000000000000000000000000000000000000
00000000000000000000000000000000000000000000
11000001000000000011110110000000000000000001
10000001000000000010010000000000000000000000
10000001000000000001110110000010000000000000
11001011100000000011110111100011000000000001
11001001000000000001000001000000000000000000
00000000000000000000000000000000000000000000
11001001000000000001110100000000000000000001
11001001000100000010010110100010000000000001
11000001000100000001110110001000000000000001
11001000000000000011110101000000000000000001
11001000000000000011110111010011000000000001
10000001000000000001100111000000000000000001
10010010000000000011100010100010000000000001
10001100000000000011100010000000000000000000
